Beneteau Oceanis Clipper 381 vaihd/myyd;https://www.nettivene.com/en/purjevene/beneteau/814633;69000
Targa 101;https://www.nettivene.com/en/purjevene/targa/819016;38000
Sweden Yachts Sweden Yachts 38;https://www.nettivene.com/en/purjevene/sweden-yachts/819602;72000
Beneteau First 36.7 (Hold Fast);https://www.nettivene.com/en/purjevene/beneteau/819597;-1
Avance 245;https://www.nettivene.com/en/purjevene/avance/819590;12500
Bavaria  38;https://www.nettivene.com/en/purjevene/bavaria/819578;68000
Laurin Koster Laurin 28;https://www.nettivene.com/en/purjevene/laurin-koster/819565;12900
Vindö 30;https://www.nettivene.com/en/purjevene/vindo/819557;6000
H-323;https://www.nettivene.com/en/purjevene/h-323/819521;13500
Finnsailer 34;https://www.nettivene.com/en/purjevene/finnsailer/819475;39000
Puuvene Talonpoikaisvene;https://www.nettivene.com/en/purjevene/puuvene/819449;350
Shipman 28;https://www.nettivene.com/en/purjevene/shipman/819407;6200
Absolut 37;https://www.nettivene.com/en/purjevene/absolut/819398;42000
Comfortina Comfortina 32;https://www.nettivene.com/en/purjevene/comfortina/819386;28000
Hallberg-Rassy misil 1 24;https://www.nettivene.com/en/purjevene/hallberg-rassy/819336;4500
Beneteau First 36.7;https://www.nettivene.com/en/purjevene/beneteau/819312;79000
Albin Nova;https://www.nettivene.com/en/purjevene/albin/819305;37500
Finn Express FE-74;https://www.nettivene.com/en/purjevene/finn-express/819290;6500
Nauticat 37;https://www.nettivene.com/en/purjevene/nauticat/819271;329000
Muu merkki Stormfågel;https://www.nettivene.com/en/purjevene/muu-merkki/819269;4000
Hallberg-Rassy HR 26;https://www.nettivene.com/en/purjevene/hallberg-rassy/819253;9600
Finn 26 MH;https://www.nettivene.com/en/purjevene/finn/819238;7900
Avance 245;https://www.nettivene.com/en/purjevene/avance/819225;9000
H Artekno;https://www.nettivene.com/en/purjevene/h/819199;6000
Muu merkki Meriristeilijä;https://www.nettivene.com/en/purjevene/muu-merkki/819196;9500
W Whisper 29;https://www.nettivene.com/en/purjevene/w/819091;55000
Muu merkki Cremo C55 (Crescent);https://www.nettivene.com/en/purjevene/muu-merkki/819087;14700
Inferno 31;https://www.nettivene.com/en/purjevene/inferno/819062;26000
Bavaria 36 Cruiser;https://www.nettivene.com/en/purjevene/bavaria/819058;53000
Laser Laser;https://www.nettivene.com/en/purjevene/laser/819052;4000
Murena 30;https://www.nettivene.com/en/purjevene/murena/819032;10800
Hanse 345;https://www.nettivene.com/en/purjevene/hanse/819027;12000
Targa 101;https://www.nettivene.com/en/purjevene/targa/819016;38000
Lohi 34;https://www.nettivene.com/en/purjevene/lohi/818999;31500
Guy Guy 22;https://www.nettivene.com/en/purjevene/guy/818956;2000
E-jolla Osis;https://www.nettivene.com/en/purjevene/e-jolla/818912;2800
Laser Standard;https://www.nettivene.com/en/purjevene/laser/818898;2700
Elan 33;https://www.nettivene.com/en/purjevene/elan/818889;32000
Linjett 33;https://www.nettivene.com/en/purjevene/linjett/818887;84000
Albin Ballad;https://www.nettivene.com/en/purjevene/albin/818864;9500
Jeanneau Eolia 25;https://www.nettivene.com/en/purjevene/jeanneau/818848;5500
Boström  B 31 MK 2;https://www.nettivene.com/en/purjevene/bostrom/818822;9500
Lightning Lightboats;https://www.nettivene.com/en/purjevene/lightning/818809;-1
Maxi Magic 9 S;https://www.nettivene.com/en/purjevene/maxi/818786;6900
Marina 75+;https://www.nettivene.com/en/purjevene/marina/818776;17900
Muu merkki Haven 12 1/2;https://www.nettivene.com/en/purjevene/muu-merkki/818727;5500
Skippi Cruiser 650;https://www.nettivene.com/en/purjevene/skippi/818683;13500
Finn;https://www.nettivene.com/en/purjevene/finn/818671;3900
Jeanneau Sun Shine 38;https://www.nettivene.com/en/purjevene/jeanneau/818652;45000
Jeanneau Bahia 23;https://www.nettivene.com/en/purjevene/jeanneau/818644;4500
Folkboat Bröderna Andersson;https://www.nettivene.com/en/purjevene/folkboat/818637;5800
Kings Cruiser 29;https://www.nettivene.com/en/purjevene/kings-cruiser/818602;13000
Bavaria 31 Cruiser;https://www.nettivene.com/en/purjevene/bavaria/818590;49900
C&C C&C 37/40+WK;https://www.nettivene.com/en/purjevene/cc/818555;92000
Shipman 28;https://www.nettivene.com/en/purjevene/shipman/818543;17900
Guy 22;https://www.nettivene.com/en/purjevene/guy/818477;2100
Ohlson 22;https://www.nettivene.com/en/purjevene/ohlson/818462;2500
Ovington Boats 49er;https://www.nettivene.com/en/purjevene/ovington-boats/818390;2800
H Artekno.Vene vinssien hinnalla;https://www.nettivene.com/en/purjevene/h/818389;1900
J 470 Nautivela;https://www.nettivene.com/en/purjevene/j/818379;2200
Maxi Maxi77;https://www.nettivene.com/en/purjevene/maxi/818368;4900
Jeanneau Eolia 25;https://www.nettivene.com/en/purjevene/jeanneau/818291;7500
Finn Purjevene;https://www.nettivene.com/en/purjevene/finn/818232;5000
Tyvex 18;https://www.nettivene.com/en/purjevene/tyvex/818179;1000
Dixie 27;https://www.nettivene.com/en/purjevene/dixie/818175;11900
Sirena;https://www.nettivene.com/en/purjevene/sirena/818172;650
Finnfire 33 Racing;https://www.nettivene.com/en/purjevene/finnfire/818164;29000
Sunwind 26;https://www.nettivene.com/en/purjevene/sunwind/818114;12500
Albin Accent;https://www.nettivene.com/en/purjevene/albin/818087;7900
Maxi Fenix Dinette;https://www.nettivene.com/en/purjevene/maxi/818085;11900
Havsfidra 600;https://www.nettivene.com/en/purjevene/havsfidra/818081;2250
Finnfire 33 Cruising;https://www.nettivene.com/en/purjevene/finnfire/818079;24000
H-35 Huippuvarusteltu;https://www.nettivene.com/en/purjevene/h-35/818061;17900
Comfortina 32;https://www.nettivene.com/en/purjevene/comfortina/818030;35000
Helmsman 23;https://www.nettivene.com/en/purjevene/helmsman/818025;3950
Bavaria 42 Cruiser;https://www.nettivene.com/en/purjevene/bavaria/817989;118000
Maxi Fenix Dinette;https://www.nettivene.com/en/purjevene/maxi/817955;16000
Muu merkki;https://www.nettivene.com/en/purjevene/muu-merkki/817932;2600
Avance 36;https://www.nettivene.com/en/purjevene/avance/817897;32000
Muu merkki;https://www.nettivene.com/en/purjevene/muu-merkki/817828;7000
Helmsman;https://www.nettivene.com/en/purjevene/helmsman/817810;900
Guy 22;https://www.nettivene.com/en/purjevene/guy/817787;2400
Hallberg-Rassy Misil 2;https://www.nettivene.com/en/purjevene/hallberg-rassy/817756;5000
Inferno 28;https://www.nettivene.com/en/purjevene/inferno/817751;18400
Muu merkki Moth - Bladerider X8;https://www.nettivene.com/en/purjevene/muu-merkki/817745;5450
Laser;https://www.nettivene.com/en/purjevene/laser/817729;1100
Lightning;https://www.nettivene.com/en/purjevene/lightning/817728;-1
Arabesque 30;https://www.nettivene.com/en/purjevene/arabesque/817712;4000
Avance 245;https://www.nettivene.com/en/purjevene/avance/817705;15600
Delphia 28;https://www.nettivene.com/en/purjevene/delphia/817682;32000
X-Yachts X-99;https://www.nettivene.com/en/purjevene/x-yachts/817664;29000
Finn 26 Siisti hyvillä varusteilla;https://www.nettivene.com/en/purjevene/finn/817647;9900
Folkboat;https://www.nettivene.com/en/purjevene/folkboat/817638;13000
Maestro  35;https://www.nettivene.com/en/purjevene/maestro/817636;62000
Lohi 34;https://www.nettivene.com/en/purjevene/lohi/817600;22000
H Botnia Racing;https://www.nettivene.com/en/purjevene/h/817581;11000
Macgregor 26 M;https://www.nettivene.com/en/purjevene/macgregor/817557;16500
GT-kryssare;https://www.nettivene.com/en/purjevene/gt-kryssare/817529;4500
E-jolla Winner;https://www.nettivene.com/en/purjevene/e-jolla/817524;4450
Bavaria 37 Cr;https://www.nettivene.com/en/purjevene/bavaria/817477;76000
Artekno H-vene;https://www.nettivene.com/en/purjevene/artekno/817425;6000
Lord Helmsman;https://www.nettivene.com/en/purjevene/lord-helmsman/817413;32500
Grand Soleil 34.1;https://www.nettivene.com/en/purjevene/grand-soleil/817408;69000
Muu merkki KimAr purjevene &rek.traileri;https://www.nettivene.com/en/purjevene/muu-merkki/817351;3000
Grand Soleil 42R;https://www.nettivene.com/en/purjevene/grand-soleil/817350;49900
Avance 33;https://www.nettivene.com/en/purjevene/avance/817338;19800
Hallberg-Rassy HR 342;https://www.nettivene.com/en/purjevene/hallberg-rassy/817326;149000
Bavaria 40;https://www.nettivene.com/en/purjevene/bavaria/817277;67500
Bavaria 30 Cruiser;https://www.nettivene.com/en/purjevene/bavaria/817236;38000
Helmsman Lady;https://www.nettivene.com/en/purjevene/helmsman/817165;32900
X-Yachts X-99;https://www.nettivene.com/en/purjevene/x-yachts/817158;24000
Albin Ballad;https://www.nettivene.com/en/purjevene/albin/817127;13000
Helmsman Senorita;https://www.nettivene.com/en/purjevene/helmsman/817107;9000
Muu merkki Enklinge-julle;https://www.nettivene.com/en/purjevene/muu-merkki/817047;5500
Beneteau First 345;https://www.nettivene.com/en/purjevene/beneteau/817011;36000
Albin Viggen;https://www.nettivene.com/en/purjevene/albin/817009;3400
Stardust 800;https://www.nettivene.com/en/purjevene/stardust/817007;5000
Maxi Fenix Dinette;https://www.nettivene.com/en/purjevene/maxi/816999;14900
Sunwind Sunwind 20;https://www.nettivene.com/en/purjevene/sunwind/816996;3600
Lohi Poni 18;https://www.nettivene.com/en/purjevene/lohi/816994;1000
Beneteau Oceanis Clipper 373;https://www.nettivene.com/en/purjevene/beneteau/816958;79900
Helmsman 20;https://www.nettivene.com/en/purjevene/helmsman/816946;2100
Marieholm Marieholm 26;https://www.nettivene.com/en/purjevene/marieholm/816910;11600
Bavaria 44-4;https://www.nettivene.com/en/purjevene/bavaria/816906;110000
Amigo 23;https://www.nettivene.com/en/purjevene/amigo/816830;4000
Sunwind 27 Nopeat kaupat;https://www.nettivene.com/en/purjevene/sunwind/816798;8500
Puuvene Kolumbuksen Santa Maria;https://www.nettivene.com/en/purjevene/puuvene/816790;295
Finn 35;https://www.nettivene.com/en/purjevene/finn/816720;29000
Becker Becker 27;https://www.nettivene.com/en/purjevene/becker/816688;6500
Sparkman&Stephens S&S 36 klassikko;https://www.nettivene.com/en/purjevene/sparkmanstephens/816683;59000
Dehler 34JV;https://www.nettivene.com/en/purjevene/dehler/816674;65000
Targa 96;https://www.nettivene.com/en/purjevene/targa/816659;31000
Beneteau Oceanis 331;https://www.nettivene.com/en/purjevene/beneteau/816639;67000
Ovington Boats 29er;https://www.nettivene.com/en/purjevene/ovington-boats/816629;4700
Helmsman Lady;https://www.nettivene.com/en/purjevene/helmsman/816600;27000
Sandibar 35;https://www.nettivene.com/en/purjevene/sandibar/816578;34500
My;https://www.nettivene.com/en/purjevene/my/816545;1200
Jeanneau Sun Odyssey 33i;https://www.nettivene.com/en/purjevene/jeanneau/816424;80000
Kosteri laurin koster 32;https://www.nettivene.com/en/purjevene/kosteri/816420;13000
Granada 31;https://www.nettivene.com/en/purjevene/granada/816400;15500
Bavaria 30 Cruiser;https://www.nettivene.com/en/purjevene/bavaria/816347;49500
Finn  26;https://www.nettivene.com/en/purjevene/finn/816318;11500
H;https://www.nettivene.com/en/purjevene/h/816303;2000
Star /Traileri;https://www.nettivene.com/en/purjevene/star/816291;1980
Beneteau First 36,7;https://www.nettivene.com/en/purjevene/beneteau/816271;65000
Bianca 36;https://www.nettivene.com/en/purjevene/bianca/816270;45000
Dehler 38;https://www.nettivene.com/en/purjevene/dehler/816222;237500
Folkboat Kansanvene;https://www.nettivene.com/en/purjevene/folkboat/816219;19500
Sweden Yachts 36;https://www.nettivene.com/en/purjevene/sweden-yachts/816202;58000
H-35;https://www.nettivene.com/en/purjevene/h-35/816201;15900
Bavaria 30 Cruiser;https://www.nettivene.com/en/purjevene/bavaria/816169;41000
Albin Vega;https://www.nettivene.com/en/purjevene/albin/816165;6000
Sunwind 27;https://www.nettivene.com/en/purjevene/sunwind/816148;6500
Comfortina 32;https://www.nettivene.com/en/purjevene/comfortina/816142;28000
Bavaria 34/3;https://www.nettivene.com/en/purjevene/bavaria/816136;48000
Sunwind 27;https://www.nettivene.com/en/purjevene/sunwind/816116;12000
Swan 36 Frers;https://www.nettivene.com/en/purjevene/swan/816111;135000
Magnifik;https://www.nettivene.com/en/purjevene/magnifik/816098;1500
Bavaria 35 Match;https://www.nettivene.com/en/purjevene/bavaria/816054;65000
Albin Accent;https://www.nettivene.com/en/purjevene/albin/816028;6900
Najad 380;https://www.nettivene.com/en/purjevene/najad/816000;219000
Dehler 32;https://www.nettivene.com/en/purjevene/dehler/815993;84500
Inferno 31;https://www.nettivene.com/en/purjevene/inferno/815990;31000
Inferno Inferno 28;https://www.nettivene.com/en/purjevene/inferno/815975;14500
Comfortina 32;https://www.nettivene.com/en/purjevene/comfortina/815931;32000
T alonpoikaisvene;https://www.nettivene.com/en/purjevene/t/815902;6600
H-323;https://www.nettivene.com/en/purjevene/h-323/815848;15900
Ohlson Ohlson 29;https://www.nettivene.com/en/purjevene/ohlson/815834;8900
X-Yachts Xp 38;https://www.nettivene.com/en/purjevene/x-yachts/815794;239000
Guy Guy22;https://www.nettivene.com/en/purjevene/guy/815775;2500
Sweden Yachts 340;https://www.nettivene.com/en/purjevene/sweden-yachts/815577;62000
Bavaria 36/3;https://www.nettivene.com/en/purjevene/bavaria/815511;54500
Granada 31;https://www.nettivene.com/en/purjevene/granada/815430;15000
Balans;https://www.nettivene.com/en/purjevene/balans/815404;1000
Van de Stadt Zeeslang;https://www.nettivene.com/en/purjevene/van-de-stadt/815358;3200
Guy 22;https://www.nettivene.com/en/purjevene/guy/815305;7000
Bavaria 33 Cruiser;https://www.nettivene.com/en/purjevene/bavaria/815292;62000
Jeanneau Sun Odyssey 36i;https://www.nettivene.com/en/purjevene/jeanneau/815263;87500
Joe Joe 17;https://www.nettivene.com/en/purjevene/joe/815248;1500
Beneteau Oceanis 30.1;https://www.nettivene.com/en/purjevene/beneteau/815136;88213
Sunwind 27;https://www.nettivene.com/en/purjevene/sunwind/815135;14500
Guyline 822;https://www.nettivene.com/en/purjevene/guyline/815111;20000
Finn Finn26;https://www.nettivene.com/en/purjevene/finn/815052;8700
Avance 24;https://www.nettivene.com/en/purjevene/avance/815044;3900
Muu merkki;https://www.nettivene.com/en/purjevene/muu-merkki/814934;1300
Sunwind 27;https://www.nettivene.com/en/purjevene/sunwind/814882;16500
Bavaria 340;https://www.nettivene.com/en/purjevene/bavaria/814876;60000
Inferno 29 vaihto moottoriv.;https://www.nettivene.com/en/purjevene/inferno/814758;11000
Comfortina 39;https://www.nettivene.com/en/purjevene/comfortina/814684;48500
Polsport venus 22;https://www.nettivene.com/en/purjevene/polsport/814658;2200
Van de Stadt Sea Dog 29;https://www.nettivene.com/en/purjevene/van-de-stadt/814642;17000
Finngulf FG 39;https://www.nettivene.com/en/purjevene/finngulf/814639;72000
Bavaria 31 cruiser;https://www.nettivene.com/en/purjevene/bavaria/814636;52000
Beneteau Oceanis Clipper 381 vaihd/myyd;https://www.nettivene.com/en/purjevene/beneteau/814633;69000
Artina 29;https://www.nettivene.com/en/purjevene/artina/814609;28000
Dynamic 35;https://www.nettivene.com/en/purjevene/dynamic/814565;35000
Hallberg-Rassy 312;https://www.nettivene.com/en/purjevene/hallberg-rassy/814557;34500
Bavaria 39 Cruiser;https://www.nettivene.com/en/purjevene/bavaria/814528;88000
Beneteau Oceanis 40.1;https://www.nettivene.com/en/purjevene/beneteau/814458;211296
Bavaria 30 cruiser;https://www.nettivene.com/en/purjevene/bavaria/814404;47000
Ohlson 29;https://www.nettivene.com/en/purjevene/ohlson/814403;9500
Van de Stadt 36 Seal - Sole 42hp (2016);https://www.nettivene.com/en/purjevene/van-de-stadt/814372;38000
Finn Flyer;https://www.nettivene.com/en/purjevene/finn-flyer/814319;17000
Albin Express;https://www.nettivene.com/en/purjevene/albin/814306;8000
Finmar Sailor Nyt Syyshintaan;https://www.nettivene.com/en/purjevene/finmar/814102;1600
Helmsman 20;https://www.nettivene.com/en/purjevene/helmsman/813988;4000
Joemarin Joe 17;https://www.nettivene.com/en/purjevene/joemarin/813946;2870
Hanse 345;https://www.nettivene.com/en/purjevene/hanse/813905;5600
Beneteau First 31.7 ,HAPPY II;https://www.nettivene.com/en/purjevene/beneteau/813815;68000
Finn Finn 26;https://www.nettivene.com/en/purjevene/finn/813812;7900
Inferno 28;https://www.nettivene.com/en/purjevene/inferno/813808;20000
Ahven MT380;https://www.nettivene.com/en/purjevene/ahven/813765;2950
Jeanneau Arcadia 30;https://www.nettivene.com/en/purjevene/jeanneau/813734;19600
Bavaria 31 cruiser;https://www.nettivene.com/en/purjevene/bavaria/813713;55000
Finn 35;https://www.nettivene.com/en/purjevene/finn/813642;30000
Helmsman MY;https://www.nettivene.com/en/purjevene/helmsman/813605;2200
Bavaria Bavaria 37;https://www.nettivene.com/en/purjevene/bavaria/813573;80000
Baltic 33;https://www.nettivene.com/en/purjevene/baltic/813571;46500
Comfort C30;https://www.nettivene.com/en/purjevene/comfort/813566;7800
Finngulf 43;https://www.nettivene.com/en/purjevene/finngulf/813558;259000
Flipper Futura;https://www.nettivene.com/en/purjevene/flipper/813553;25000
Hurley 18;https://www.nettivene.com/en/purjevene/hurley/813529;700
Albin Nova;https://www.nettivene.com/en/purjevene/albin/813527;28700
Albin Accent;https://www.nettivene.com/en/purjevene/albin/813506;8700
E-jolla;https://www.nettivene.com/en/purjevene/e-jolla/813370;650
Sunwind 27;https://www.nettivene.com/en/purjevene/sunwind/813345;16500
Nauticat 39;https://www.nettivene.com/en/purjevene/nauticat/813237;124000
Helmsman 26;https://www.nettivene.com/en/purjevene/helmsman/813236;6900
Balans 65;https://www.nettivene.com/en/purjevene/balans/813234;1499
Sunwind 20;https://www.nettivene.com/en/purjevene/sunwind/813178;2000
Finn 26;https://www.nettivene.com/en/purjevene/finn/813130;6999
Björndahl E-jolla;https://www.nettivene.com/en/purjevene/bjorndahl/813066;3100
Beneteau Oceanis 350 UUSI MOOTTORI;https://www.nettivene.com/en/purjevene/beneteau/813029;32500
Ohlson 29;https://www.nettivene.com/en/purjevene/ohlson/812955;7900
Monark Varianty 20;https://www.nettivene.com/en/purjevene/monark/812931;1000
Guy 27;https://www.nettivene.com/en/purjevene/guy/812923;2000
Omega 36;https://www.nettivene.com/en/purjevene/omega/812872;41700
Teräsvene;https://www.nettivene.com/en/purjevene/terasvene/812853;14500
Laser;https://www.nettivene.com/en/purjevene/laser/812820;3000
Targa 96;https://www.nettivene.com/en/purjevene/targa/812799;27900
Laser;https://www.nettivene.com/en/purjevene/laser/812736;6500
Muu merkki National 12;https://www.nettivene.com/en/purjevene/muu-merkki/812735;700
Macgregor 26M;https://www.nettivene.com/en/purjevene/macgregor/812716;30000
Artekno H-vene;https://www.nettivene.com/en/purjevene/artekno/812702;2200
Muu merkki H-323;https://www.nettivene.com/en/purjevene/muu-merkki/812640;12000
Joemarin Svea GT;https://www.nettivene.com/en/purjevene/joemarin/812633;8000
Avance 24;https://www.nettivene.com/en/purjevene/avance/812583;10500
X-Yachts X-99;https://www.nettivene.com/en/purjevene/x-yachts/812566;39000
Colin Archer Runni Kosteri 10;https://www.nettivene.com/en/purjevene/colin-archer/812521;53000
Murena 30;https://www.nettivene.com/en/purjevene/murena/812487;10900
Sunwind 27;https://www.nettivene.com/en/purjevene/sunwind/812447;9950
Helmsman 23;https://www.nettivene.com/en/purjevene/helmsman/812406;3000
Rock 20;https://www.nettivene.com/en/purjevene/rock/812397;2900
Helmsman 23;https://www.nettivene.com/en/purjevene/helmsman/812308;2900
Joe 17;https://www.nettivene.com/en/purjevene/joe/812191;1500
Colin Archer 40;https://www.nettivene.com/en/purjevene/colin-archer/812156;195000
Bavaria Bavaria 320;https://www.nettivene.com/en/purjevene/bavaria/812100;35000
Ohlson 29;https://www.nettivene.com/en/purjevene/ohlson/812059;14800
H 30 - Netta;https://www.nettivene.com/en/purjevene/h/812049;6450
Jeanneau 2000;https://www.nettivene.com/en/purjevene/jeanneau/811962;10900
J JUDEL VROLIJK 37;https://www.nettivene.com/en/purjevene/j/811809;8200
Sunwind 27;https://www.nettivene.com/en/purjevene/sunwind/811672;15000
International 8mR;https://www.nettivene.com/en/purjevene/international/811654;-1
MP 28;https://www.nettivene.com/en/purjevene/mp/811612;6800
Laurinkryssare;https://www.nettivene.com/en/purjevene/laurinkryssare/811601;9500
Albin Albin Vega;https://www.nettivene.com/en/purjevene/albin/811595;3200
Optimisti Winner;https://www.nettivene.com/en/purjevene/optimisti/811577;1900
H Finnhals;https://www.nettivene.com/en/purjevene/h/811572;5000
Lohi Poni;https://www.nettivene.com/en/purjevene/lohi/811525;550
IW 26 Lill-Scampi;https://www.nettivene.com/en/purjevene/iw/811328;2490
Laser;https://www.nettivene.com/en/purjevene/laser/811318;1800
Jeanneau Attalia 32;https://www.nettivene.com/en/purjevene/jeanneau/811315;26000
Jon 30;https://www.nettivene.com/en/purjevene/jon/811310;17000
MP MP-31;https://www.nettivene.com/en/purjevene/mp/811284;16000
Finn Finn 26;https://www.nettivene.com/en/purjevene/finn/811268;4000
Beneteau Oceanis Clipper 323;https://www.nettivene.com/en/purjevene/beneteau/811173;54500
Maxi 68;https://www.nettivene.com/en/purjevene/maxi/811164;3500
Optimisti Optimistijolla;https://www.nettivene.com/en/purjevene/optimisti/811001;500
Elvström Soling;https://www.nettivene.com/en/purjevene/elvstrom/810981;4000
Joe marin 17;https://www.nettivene.com/en/purjevene/joe/810909;1950
Havsfidra 20;https://www.nettivene.com/en/purjevene/havsfidra/810836;2000
Avance 318;https://www.nettivene.com/en/purjevene/avance/810505;34500
Monark varianty;https://www.nettivene.com/en/purjevene/monark/810440;850
Beneteau First 31,7;https://www.nettivene.com/en/purjevene/beneteau/810429;-1
OK-Jolla Omavalmiste;https://www.nettivene.com/en/purjevene/ok-jolla/810418;500
Jeanneau Sun Fast 32i;https://www.nettivene.com/en/purjevene/jeanneau/810407;49000
Windmill;https://www.nettivene.com/en/purjevene/windmill/810406;1600
X-Yachts X-35;https://www.nettivene.com/en/purjevene/x-yachts/810284;103000
Maxi 68;https://www.nettivene.com/en/purjevene/maxi/810192;1740
Teräsvene;https://www.nettivene.com/en/purjevene/terasvene/810190;15900
Maxi Maxi 68;https://www.nettivene.com/en/purjevene/maxi/810129;2300
Optimisti;https://www.nettivene.com/en/purjevene/optimisti/810015;500
Johnson 26;https://www.nettivene.com/en/purjevene/johnson/809980;8000
Louhi Louhi, International Dragon;https://www.nettivene.com/en/purjevene/louhi/809972;75000
Finn Express 741;https://www.nettivene.com/en/purjevene/finn/809922;7000
Sunwind 311;https://www.nettivene.com/en/purjevene/sunwind/809921;17800
Rock Rock 20;https://www.nettivene.com/en/purjevene/rock/809908;2350
Ege yat 30 DS;https://www.nettivene.com/en/purjevene/ege-yat/809855;52500
Arcona 370;https://www.nettivene.com/en/purjevene/arcona/809838;158000
Absolut Matka/Racer;https://www.nettivene.com/en/purjevene/absolut/809807;52500
Hobie Tiger;https://www.nettivene.com/en/purjevene/hobie/809786;3500
Mini 2,4 mR FIN 181;https://www.nettivene.com/en/purjevene/mini/809772;9800
Sunwind 27;https://www.nettivene.com/en/purjevene/sunwind/809654;6200
Magnifik Midget;https://www.nettivene.com/en/purjevene/magnifik/809567;1900
Inferno 28;https://www.nettivene.com/en/purjevene/inferno/809497;18490
Ecume de Mer;https://www.nettivene.com/en/purjevene/ecume-de-mer/809493;5900
Guy 22;https://www.nettivene.com/en/purjevene/guy/809455;3990
Najad 331;https://www.nettivene.com/en/purjevene/najad/809378;94000
Stortriss Mk1;https://www.nettivene.com/en/purjevene/stortriss/809230;2100
Muu merkki Ricochet micro;https://www.nettivene.com/en/purjevene/muu-merkki/809222;3000
Muu merkki In Time 40;https://www.nettivene.com/en/purjevene/muu-merkki/809155;99000
Finnsailer 30;https://www.nettivene.com/en/purjevene/finnsailer/809147;26000
Saare 41 AC;https://www.nettivene.com/en/purjevene/saare/809102;279000
Albin 78 Cirrus;https://www.nettivene.com/en/purjevene/albin/809078;8500
Bavaria Cr 32 (34), vaihto mahdollinen;https://www.nettivene.com/en/purjevene/bavaria/809077;55000
Erikoisluokka A;https://www.nettivene.com/en/purjevene/erikoisluokka-a/809008;4500
Jeanneau SUN 2000;https://www.nettivene.com/en/purjevene/jeanneau/808927;11500
Sweden Yachts 390;https://www.nettivene.com/en/purjevene/sweden-yachts/808779;114000
Ohlson 29;https://www.nettivene.com/en/purjevene/ohlson/808712;11000
Muu merkki Johansson&son;https://www.nettivene.com/en/purjevene/muu-merkki/808562;-1
Nauticat 515;https://www.nettivene.com/en/purjevene/nauticat/808519;449000
Albin Express;https://www.nettivene.com/en/purjevene/albin/808514;5500
Najad 331;https://www.nettivene.com/en/purjevene/najad/808470;96500
Jeanneau One Design 35;https://www.nettivene.com/en/purjevene/jeanneau/808413;26158
Becker Becker 27;https://www.nettivene.com/en/purjevene/becker/808286;5800
X-Yachts X-95;https://www.nettivene.com/en/purjevene/x-yachts/808081;17900
Muu merkki Laxmarin 30;https://www.nettivene.com/en/purjevene/muu-merkki/807976;4800
Norlin 2.4 mR;https://www.nettivene.com/en/purjevene/norlin/807973;9800
Hanse 371;https://www.nettivene.com/en/purjevene/hanse/807865;83000
Muu merkki Mamba 311;https://www.nettivene.com/en/purjevene/muu-merkki/807775;18900
Finn Flyer 31CR;https://www.nettivene.com/en/purjevene/finn-flyer/807670;28000
Albin Delta TARJOA;https://www.nettivene.com/en/purjevene/albin/807573;19900
Joe 17;https://www.nettivene.com/en/purjevene/joe/807519;3300
One off Saaristoristeilijä;https://www.nettivene.com/en/purjevene/one-off/807413;12000
Avance 318;https://www.nettivene.com/en/purjevene/avance/807375;29500
Jeanneau Jeanneau Sun Odyssey 32;https://www.nettivene.com/en/purjevene/jeanneau/807316;54900
Halcyon 23;https://www.nettivene.com/en/purjevene/halcyon/807308;2700
Artina 33;https://www.nettivene.com/en/purjevene/artina/806933;28700
Helmsman 31;https://www.nettivene.com/en/purjevene/helmsman/806818;15000
Inferno 29;https://www.nettivene.com/en/purjevene/inferno/806580;9500
Kompromiss W30;https://www.nettivene.com/en/purjevene/kompromiss/806550;6500
Beneteau First 40.7 / Myydään myös 1/2;https://www.nettivene.com/en/purjevene/beneteau/806480;92000
Avance 33;https://www.nettivene.com/en/purjevene/avance/806376;25000
Delphia Delphia 33;https://www.nettivene.com/en/purjevene/delphia/806335;59900
Maxi 77;https://www.nettivene.com/en/purjevene/maxi/806237;4950
H Netta 30;https://www.nettivene.com/en/purjevene/h/806185;6900
Finn Finn26;https://www.nettivene.com/en/purjevene/finn/806158;10500
Shipman 28;https://www.nettivene.com/en/purjevene/shipman/806127;8000
Finn Flyer 27;https://www.nettivene.com/en/purjevene/finn-flyer/806070;6500
Jeanneau Sun Odyssey 409;https://www.nettivene.com/en/purjevene/jeanneau/805993;159500
Swan 37;https://www.nettivene.com/en/purjevene/swan/805924;69000
Diva 38;https://www.nettivene.com/en/purjevene/diva/805871;125000
Albin Viggen;https://www.nettivene.com/en/purjevene/albin/805858;2200
Conrad 25 RT;https://www.nettivene.com/en/purjevene/conrad/805757;8900
Beneteau First 35;https://www.nettivene.com/en/purjevene/beneteau/805632;96900
Dufour 34 Performance;https://www.nettivene.com/en/purjevene/dufour/805426;70000
Artina 33;https://www.nettivene.com/en/purjevene/artina/805371;35500
Sunwind Sunwind 27;https://www.nettivene.com/en/purjevene/sunwind/805317;5500
Folkboat PF Folkkari **RAHOITUS**;https://www.nettivene.com/en/purjevene/folkboat/804677;6350
Nauticat 39;https://www.nettivene.com/en/purjevene/nauticat/804652;130000
Jeanneau Sun Odyssey 40,3;https://www.nettivene.com/en/purjevene/jeanneau/804459;95000
Puuvene Perinnepurjelaiva;https://www.nettivene.com/en/purjevene/puuvene/804441;-1
Bavaria  38 Cruiser;https://www.nettivene.com/en/purjevene/bavaria/804208;92000
Beneteau First 36.7;https://www.nettivene.com/en/purjevene/beneteau/804202;72500
Baltic 33;https://www.nettivene.com/en/purjevene/baltic/804200;29000
Sunwind 26;https://www.nettivene.com/en/purjevene/sunwind/804167;8500
Nauticat 32;https://www.nettivene.com/en/purjevene/nauticat/803950;79500
H-35;https://www.nettivene.com/en/purjevene/h-35/803880;21500
Beneteau First 235;https://www.nettivene.com/en/purjevene/beneteau/803814;13900
BB 17;https://www.nettivene.com/en/purjevene/bb/803798;5000
Tyvex 18;https://www.nettivene.com/en/purjevene/tyvex/803760;3200
Hanse 342;https://www.nettivene.com/en/purjevene/hanse/803718;79990
Mistinguette;https://www.nettivene.com/en/purjevene/mistinguette/803375;10500
Beneteau First 31.7;https://www.nettivene.com/en/purjevene/beneteau/803289;24000
Flipper futura;https://www.nettivene.com/en/purjevene/flipper/803030;21000
Puuvene Utö Kryssare;https://www.nettivene.com/en/purjevene/puuvene/802926;7490
Cenit 40 Specification;https://www.nettivene.com/en/purjevene/cenit/802791;68700
Sirena Pedrick 40;https://www.nettivene.com/en/purjevene/sirena/802787;97000
Allegro allegro 27;https://www.nettivene.com/en/purjevene/allegro/802727;7800
Targa 96;https://www.nettivene.com/en/purjevene/targa/802543;24900
Hallberg-Rassy Monsun 31;https://www.nettivene.com/en/purjevene/hallberg-rassy/802464;28500
Bavaria 38/3 Cruiser;https://www.nettivene.com/en/purjevene/bavaria/802455;88000
Jeanneau Sun Odyssey 319;https://www.nettivene.com/en/purjevene/jeanneau/802134;99000
Tempo 28;https://www.nettivene.com/en/purjevene/tempo/802126;23000
Vindö 45;https://www.nettivene.com/en/purjevene/vindo/801809;42000
Avance 245;https://www.nettivene.com/en/purjevene/avance/801722;9500
Targa 101;https://www.nettivene.com/en/purjevene/targa/801608;39500
Selection Seaskip Rebel II;https://www.nettivene.com/en/purjevene/selection/801434;7450
Allegro 27;https://www.nettivene.com/en/purjevene/allegro/801131;9900
Sunwind 27;https://www.nettivene.com/en/purjevene/sunwind/801120;14500
Campus 650;https://www.nettivene.com/en/purjevene/campus/801012;7000
Dufour 325 Grand Large;https://www.nettivene.com/en/purjevene/dufour/800987;61000
Bavaria 37 Cruiser;https://www.nettivene.com/en/purjevene/bavaria/800983;75000
Sunwind 27;https://www.nettivene.com/en/purjevene/sunwind/800582;8900
Muu merkki Showy 32;https://www.nettivene.com/en/purjevene/muu-merkki/800478;18900
Hallberg-Rassy P28;https://www.nettivene.com/en/purjevene/hallberg-rassy/800477;16000
Ohlson 29;https://www.nettivene.com/en/purjevene/ohlson/800450;37000
Granada 27;https://www.nettivene.com/en/purjevene/granada/800422;6500
Inferno 31;https://www.nettivene.com/en/purjevene/inferno/800251;23900
H-35;https://www.nettivene.com/en/purjevene/h-35/799978;15000
Neptun 26;https://www.nettivene.com/en/purjevene/neptun/799923;3300
Swan 36;https://www.nettivene.com/en/purjevene/swan/799886;38000
X-Yachts X-372;https://www.nettivene.com/en/purjevene/x-yachts/799772;50000
Lohi 34;https://www.nettivene.com/en/purjevene/lohi/799734;37000
One off Sluuppi;https://www.nettivene.com/en/purjevene/one-off/799720;5800
Avance  33;https://www.nettivene.com/en/purjevene/avance/799693;28500
C&C CC 25;https://www.nettivene.com/en/purjevene/cc/799543;5000
Puuvene Holmström Allmoge;https://www.nettivene.com/en/purjevene/puuvene/799379;9650
Boström B31;https://www.nettivene.com/en/purjevene/bostrom/799247;8000
Scylla;https://www.nettivene.com/en/purjevene/scylla/799201;11000
X-Yachts X-79;https://www.nettivene.com/en/purjevene/x-yachts/799185;9500
Finn Flyer 31 RC;https://www.nettivene.com/en/purjevene/finn-flyer/799112;24000
Sandibar Iowan 34;https://www.nettivene.com/en/purjevene/sandibar/799062;26500
Hai;https://www.nettivene.com/en/purjevene/hai/799038;-1
Omega 34;https://www.nettivene.com/en/purjevene/omega/798829;22000
Inferno 29;https://www.nettivene.com/en/purjevene/inferno/798618;12000
Helmsman 23;https://www.nettivene.com/en/purjevene/helmsman/798527;2600
Hanse 505;https://www.nettivene.com/en/purjevene/hanse/798422;275000
Hanse 455;https://www.nettivene.com/en/purjevene/hanse/798393;219000
Hanse 388;https://www.nettivene.com/en/purjevene/hanse/798389;185000
Comfortina 32;https://www.nettivene.com/en/purjevene/comfortina/798288;27000
Bavaria 46;https://www.nettivene.com/en/purjevene/bavaria/798211;89000
Avance 24;https://www.nettivene.com/en/purjevene/avance/797991;6500
E-jolla Winner;https://www.nettivene.com/en/purjevene/e-jolla/797956;4900
Targa 96;https://www.nettivene.com/en/purjevene/targa/797896;19500
Muu merkki Commander 31;https://www.nettivene.com/en/purjevene/muu-merkki/797878;11900
Nauticat 321;https://www.nettivene.com/en/purjevene/nauticat/797788;119000
Finngulf 391;https://www.nettivene.com/en/purjevene/finngulf/797663;89000
Inferno 33;https://www.nettivene.com/en/purjevene/inferno/797376;37900
Lohi Lohi 25;https://www.nettivene.com/en/purjevene/lohi/797333;4200
Jeanneau Sun Fast 31, myös vaihto;https://www.nettivene.com/en/purjevene/jeanneau/797313;33000
Artina 33;https://www.nettivene.com/en/purjevene/artina/797170;36000
Guy 27;https://www.nettivene.com/en/purjevene/guy/797001;3900
Absolut 38;https://www.nettivene.com/en/purjevene/absolut/796951;89900
Finn 26;https://www.nettivene.com/en/purjevene/finn/796914;7000
Lohi 34;https://www.nettivene.com/en/purjevene/lohi/796902;28000
Avance 245;https://www.nettivene.com/en/purjevene/avance/796777;-1
Teräsvene Tahitiana;https://www.nettivene.com/en/purjevene/terasvene/796696;24000
Sunwind 20;https://www.nettivene.com/en/purjevene/sunwind/796585;3000
NC Kryssare;https://www.nettivene.com/en/purjevene/nc/796564;5000
Dufour 40 Performance;https://www.nettivene.com/en/purjevene/dufour/796535;95000
Sunwind 29;https://www.nettivene.com/en/purjevene/sunwind/796157;15400
Hanse 385;https://www.nettivene.com/en/purjevene/hanse/796116;9900
Sunwind 27;https://www.nettivene.com/en/purjevene/sunwind/796085;14600
Helmsman Helmsman 23;https://www.nettivene.com/en/purjevene/helmsman/795970;3800
Bavaria 32;https://www.nettivene.com/en/purjevene/bavaria/795906;51000
Bruce Roberts Spray 38;https://www.nettivene.com/en/purjevene/bruce-roberts/795528;1200
Hallberg-Rassy p-28;https://www.nettivene.com/en/purjevene/hallberg-rassy/795240;5000
LM;https://www.nettivene.com/en/purjevene/lm/794868;20000
Ohlson Ohlson 29;https://www.nettivene.com/en/purjevene/ohlson/794579;6100
Jeanneau Fantasia;https://www.nettivene.com/en/purjevene/jeanneau/793820;6950
One off Terasrunko Hans Groop;https://www.nettivene.com/en/purjevene/one-off/793805;45000
Poni;https://www.nettivene.com/en/purjevene/poni/793784;1900
Louhi BB Royal Denship runko;https://www.nettivene.com/en/purjevene/louhi/793511;19000
H-323 H-323;https://www.nettivene.com/en/purjevene/h-323/793255;12000
Melges Melges 24;https://www.nettivene.com/en/purjevene/melges/792845;14700
Muu merkki int 5m;https://www.nettivene.com/en/purjevene/muu-merkki/792819;15000
Avance 36;https://www.nettivene.com/en/purjevene/avance/792565;32000
NF;https://www.nettivene.com/en/purjevene/nf/792543;8500
Nauticat 321;https://www.nettivene.com/en/purjevene/nauticat/792471;120000
Maxi 95;https://www.nettivene.com/en/purjevene/maxi/792405;10000
Sunwind 35;https://www.nettivene.com/en/purjevene/sunwind/792399;47000
Muu merkki Folkkari;https://www.nettivene.com/en/purjevene/muu-merkki/792374;2900
Ohlson 29;https://www.nettivene.com/en/purjevene/ohlson/792291;3950
Inferno 33;https://www.nettivene.com/en/purjevene/inferno/792046;45000
Linjett 32;https://www.nettivene.com/en/purjevene/linjett/791946;46000
Muu merkki One off;https://www.nettivene.com/en/purjevene/muu-merkki/791777;14500
Hanse 531  (refit 2019);https://www.nettivene.com/en/purjevene/hanse/791540;195000
Laurin Koster 32 Mk II;https://www.nettivene.com/en/purjevene/laurin-koster/791180;32000
Sunwind Sunwind 31;https://www.nettivene.com/en/purjevene/sunwind/791177;17500
Rock 20;https://www.nettivene.com/en/purjevene/rock/791092;2700
Muu merkki FANTAN 26;https://www.nettivene.com/en/purjevene/muu-merkki/791089;8000
Muu merkki Omavalmiste;https://www.nettivene.com/en/purjevene/muu-merkki/791051;7500
Muu merkki Omavalmiste;https://www.nettivene.com/en/purjevene/muu-merkki/791050;7500
Muu merkki talonpoikaisvene;https://www.nettivene.com/en/purjevene/muu-merkki/790370;6000
Jeanneau Sun Odyssey 40.3;https://www.nettivene.com/en/purjevene/jeanneau/790208;115000
Still 900;https://www.nettivene.com/en/purjevene/still/789963;18000
Swan 371;https://www.nettivene.com/en/purjevene/swan/789842;74000
Shipman 28;https://www.nettivene.com/en/purjevene/shipman/789820;5900
Sunwind 311;https://www.nettivene.com/en/purjevene/sunwind/789767;17900
Still SERA 33CD;https://www.nettivene.com/en/purjevene/still/789651;26500
Jeanneau Eolia;https://www.nettivene.com/en/purjevene/jeanneau/789631;6900
Maxi 68;https://www.nettivene.com/en/purjevene/maxi/789541;3950
Finn Express 83;https://www.nettivene.com/en/purjevene/finn-express/789523;4800
Sunwind 311;https://www.nettivene.com/en/purjevene/sunwind/789473;24000
Optimisti winner 3D;https://www.nettivene.com/en/purjevene/optimisti/789217;2500
Avance 245;https://www.nettivene.com/en/purjevene/avance/789133;11500
Folkboat Kansanvene;https://www.nettivene.com/en/purjevene/folkboat/789104;6500
Fabola Campus 6.3;https://www.nettivene.com/en/purjevene/fabola/789098;9400
Guyline 822;https://www.nettivene.com/en/purjevene/guyline/789092;19000
Maxi Maxi 84;https://www.nettivene.com/en/purjevene/maxi/788905;7000
Sunwind 31;https://www.nettivene.com/en/purjevene/sunwind/788827;16000
Lohi 34;https://www.nettivene.com/en/purjevene/lohi/788541;24000
Finn Finn- jolla Devoti;https://www.nettivene.com/en/purjevene/finn/788371;9000
Degerö 35;https://www.nettivene.com/en/purjevene/degero/788307;54000
MP 25;https://www.nettivene.com/en/purjevene/mp/788121;9800
RJ RJ85;https://www.nettivene.com/en/purjevene/rj/788047;3900
Maestro 35;https://www.nettivene.com/en/purjevene/maestro/787777;38000
Finngulf 391;https://www.nettivene.com/en/purjevene/finngulf/787765;112000
Etap 32s;https://www.nettivene.com/en/purjevene/etap/787498;51000
Elan 43;https://www.nettivene.com/en/purjevene/elan/787266;68000
Degerö 38 DS;https://www.nettivene.com/en/purjevene/degero/787252;-1
Folkboat Kansanvene;https://www.nettivene.com/en/purjevene/folkboat/787250;14000
Muu merkki Wauquiez 40 Pilot Saloon;https://www.nettivene.com/en/purjevene/muu-merkki/787158;125000
Iowan 34;https://www.nettivene.com/en/purjevene/iowan/787046;22900
Bavaria 36;https://www.nettivene.com/en/purjevene/bavaria/786973;64500
Omega 30A;https://www.nettivene.com/en/purjevene/omega/786746;22000
Finngulf 37;https://www.nettivene.com/en/purjevene/finngulf/786744;69000
Dehler 36 db;https://www.nettivene.com/en/purjevene/dehler/786565;49000
Avance 33;https://www.nettivene.com/en/purjevene/avance/786533;23500
Muu merkki Optima 101;https://www.nettivene.com/en/purjevene/muu-merkki/786529;24500
Folkboat Päijänne-folkkari;https://www.nettivene.com/en/purjevene/folkboat/786526;6900
Hallberg-Rassy 35;https://www.nettivene.com/en/purjevene/hallberg-rassy/786524;34000
Hallberg-Rassy 312;https://www.nettivene.com/en/purjevene/hallberg-rassy/786491;39000
Albin Stratus 36;https://www.nettivene.com/en/purjevene/albin/786490;39500
Muu merkki Dragon Petticrow;https://www.nettivene.com/en/purjevene/muu-merkki/786481;60000
Finnrose 45;https://www.nettivene.com/en/purjevene/finnrose/786459;84000
Archambault 40RC;https://www.nettivene.com/en/purjevene/archambault/786455;99000
Finngulf 37;https://www.nettivene.com/en/purjevene/finngulf/786454;145000
Sparkman&Stephens 40;https://www.nettivene.com/en/purjevene/sparkmanstephens/786453;149000
Elan 210;https://www.nettivene.com/en/purjevene/elan/786343;34900
SunFun 44;https://www.nettivene.com/en/purjevene/sunfun/786185;70000
Van de Stadt Helena 38;https://www.nettivene.com/en/purjevene/van-de-stadt/786142;149000
Delphia 28 (30ft) VAIHTO;https://www.nettivene.com/en/purjevene/delphia/785658;36000
H-35;https://www.nettivene.com/en/purjevene/h-35/785454;19500
Contest 40 S;https://www.nettivene.com/en/purjevene/contest/785241;89000
H-35;https://www.nettivene.com/en/purjevene/h-35/785004;-1
Muu merkki Excess 12;https://www.nettivene.com/en/purjevene/muu-merkki/784781;382000
Lagoon 380;https://www.nettivene.com/en/purjevene/lagoon/784439;148000
Murena Murena 30;https://www.nettivene.com/en/purjevene/murena/784422;5000
Salona 44;https://www.nettivene.com/en/purjevene/salona/784403;215000
Bavaria 30 Cruiser;https://www.nettivene.com/en/purjevene/bavaria/784367;47000
Laurinkryssare 35;https://www.nettivene.com/en/purjevene/laurinkryssare/784298;32000
Sunwind 26. Vaihto/rahoitus ei korkoa;https://www.nettivene.com/en/purjevene/sunwind/784278;5000
Beneteau First 310;https://www.nettivene.com/en/purjevene/beneteau/783560;42900
Finn Express 64;https://www.nettivene.com/en/purjevene/finn-express/783538;2790
Salona 45;https://www.nettivene.com/en/purjevene/salona/783451;119000
Farr 52;https://www.nettivene.com/en/purjevene/farr/783449;169000
Allegro 33;https://www.nettivene.com/en/purjevene/allegro/783049;29000
Colin Archer 30;https://www.nettivene.com/en/purjevene/colin-archer/782769;105000
Maestro 35;https://www.nettivene.com/en/purjevene/maestro/782755;63500
Comfortina 32;https://www.nettivene.com/en/purjevene/comfortina/782742;27000
Hobie Tiger F18;https://www.nettivene.com/en/purjevene/hobie/781783;3000
Bavaria 38;https://www.nettivene.com/en/purjevene/bavaria/781522;4500
Lohi 25 - Myös vaihto;https://www.nettivene.com/en/purjevene/lohi/781113;2950
Sunwind 27;https://www.nettivene.com/en/purjevene/sunwind/780962;7900
Finn Finn 26;https://www.nettivene.com/en/purjevene/finn/780841;4500
Laurinkryssare H28;https://www.nettivene.com/en/purjevene/laurinkryssare/780791;6500
Swan 48 CB;https://www.nettivene.com/en/purjevene/swan/780714;425000
Ohlson Ohlson 29;https://www.nettivene.com/en/purjevene/ohlson/780391;13500
Maestro 35;https://www.nettivene.com/en/purjevene/maestro/780091;54000
Salona 38S  SYYS TARJOUS;https://www.nettivene.com/en/purjevene/salona/779552;99000
Colin Archer 30;https://www.nettivene.com/en/purjevene/colin-archer/779202;125000
Guyline 822;https://www.nettivene.com/en/purjevene/guyline/778900;21500
Scampi Shipman Scampi 30 MK IV;https://www.nettivene.com/en/purjevene/scampi/778786;14900
Joker S30  Ballad;https://www.nettivene.com/en/purjevene/joker/778210;16000
Sirena 38;https://www.nettivene.com/en/purjevene/sirena/777233;35000
Marieholm SeacCatM16;https://www.nettivene.com/en/purjevene/marieholm/777226;1600
Bavaria 36;https://www.nettivene.com/en/purjevene/bavaria/776944;64800
Diva 35;https://www.nettivene.com/en/purjevene/diva/776850;32000
Sunwind 27;https://www.nettivene.com/en/purjevene/sunwind/776780;7000
Targa 96;https://www.nettivene.com/en/purjevene/targa/776547;36000
Finngulf 34 Special (Seaking);https://www.nettivene.com/en/purjevene/finngulf/776410;49900
Elan 19;https://www.nettivene.com/en/purjevene/elan/776167;4900
Muu merkki Picnic;https://www.nettivene.com/en/purjevene/muu-merkki/776075;3500
H Hydrospeed (SYYSHINTA);https://www.nettivene.com/en/purjevene/h/775946;3300
Targa 96;https://www.nettivene.com/en/purjevene/targa/775864;30500
Dynamic 35RC;https://www.nettivene.com/en/purjevene/dynamic/775856;17500
Joe sveakryssare;https://www.nettivene.com/en/purjevene/joe/775256;5700
Iowan 34 Kattava varustus;https://www.nettivene.com/en/purjevene/iowan/775037;21000
Albin Nova 33 / Vaihto;https://www.nettivene.com/en/purjevene/albin/774987;29700
Sunwind 27;https://www.nettivene.com/en/purjevene/sunwind/774164;9900
Elan 34;https://www.nettivene.com/en/purjevene/elan/773894;45000
Feeling 920;https://www.nettivene.com/en/purjevene/feeling/773889;24900
Dixie 27;https://www.nettivene.com/en/purjevene/dixie/773855;6900
Vindö 50 S;https://www.nettivene.com/en/purjevene/vindo/773661;47000
Finn Flyer 34 cr;https://www.nettivene.com/en/purjevene/finn-flyer/773569;130000
HavsörnII;https://www.nettivene.com/en/purjevene/havsornii/773187;14300
Dufour 310 GL;https://www.nettivene.com/en/purjevene/dufour/773015;79000
Shipman 28;https://www.nettivene.com/en/purjevene/shipman/772826;8000
Hanse 345;https://www.nettivene.com/en/purjevene/hanse/772183;109000
OE 38;https://www.nettivene.com/en/purjevene/oe/772145;57000
Neptune 33 Ketch;https://www.nettivene.com/en/purjevene/neptune/771625;29000
Muu merkki Qasar 30;https://www.nettivene.com/en/purjevene/muu-merkki/771239;17000
Bruce Roberts 44;https://www.nettivene.com/en/purjevene/bruce-roberts/771233;75000
Sparkman&Stephens Pilot Class Yawl;https://www.nettivene.com/en/purjevene/sparkmanstephens/771116;58000
Jokker 27;https://www.nettivene.com/en/purjevene/jokker/771064;2200
Finngulf Finngulf 37;https://www.nettivene.com/en/purjevene/finngulf/769995;145000
Scylla Suur-Scylla;https://www.nettivene.com/en/purjevene/scylla/769894;72000
Albin 99 Nova;https://www.nettivene.com/en/purjevene/albin/769736;-1
Jeanneau Sun Odyssey 32 Hinta sis ALV;https://www.nettivene.com/en/purjevene/jeanneau/769413;46500
Delphia 29,2;https://www.nettivene.com/en/purjevene/delphia/769310;43000
Kosteri;https://www.nettivene.com/en/purjevene/kosteri/769212;2500
Bianca 36;https://www.nettivene.com/en/purjevene/bianca/769087;47000
Finn Express 83;https://www.nettivene.com/en/purjevene/finn-express/769029;7250
Comet 33 (huippukuntoinen ja nopea);https://www.nettivene.com/en/purjevene/comet/768587;69500
Polsport Venus 22;https://www.nettivene.com/en/purjevene/polsport/767087;3450
Finnfire 33 Cruising;https://www.nettivene.com/en/purjevene/finnfire/766604;30000
Muu merkki Sevener 32;https://www.nettivene.com/en/purjevene/muu-merkki/766383;22500
Carter Carter 30;https://www.nettivene.com/en/purjevene/carter/765288;18000
Absolut 37;https://www.nettivene.com/en/purjevene/absolut/764675;45000
Finn Express 64;https://www.nettivene.com/en/purjevene/finn-express/762951;3400
Vancouver 32;https://www.nettivene.com/en/purjevene/vancouver/762661;55000
Dufour Dufour 36 Classic;https://www.nettivene.com/en/purjevene/dufour/762474;69900
Folkboat;https://www.nettivene.com/en/purjevene/folkboat/762452;6199
Nauticat 44 Kutteririkattu ketsi;https://www.nettivene.com/en/purjevene/nauticat/761623;125000
Sunwind sunwind 27;https://www.nettivene.com/en/purjevene/sunwind/759829;10500
Björndahl 2.4 mR;https://www.nettivene.com/en/purjevene/bjorndahl/759793;3500
Linjett 32;https://www.nettivene.com/en/purjevene/linjett/759405;34500
X-Yachts X-99;https://www.nettivene.com/en/purjevene/x-yachts/758553;24000
Alfa 36;https://www.nettivene.com/en/purjevene/alfa/758444;57500
Swan S&S 44 - Nautor 51/44;https://www.nettivene.com/en/purjevene/swan/757746;89000
Avance 24;https://www.nettivene.com/en/purjevene/avance/757253;4950
Tornado Marstroem;https://www.nettivene.com/en/purjevene/tornado/757179;11000
Najad 34;https://www.nettivene.com/en/purjevene/najad/756975;26000
H-35;https://www.nettivene.com/en/purjevene/h-35/754970;12900
Hallberg-Rassy P28;https://www.nettivene.com/en/purjevene/hallberg-rassy/754929;11800
Albin 57;https://www.nettivene.com/en/purjevene/albin/754843;4500
Baltic 42 C&C;https://www.nettivene.com/en/purjevene/baltic/754268;88000
Finngulf 335;https://www.nettivene.com/en/purjevene/finngulf/753659;74900
Ohlson 29;https://www.nettivene.com/en/purjevene/ohlson/752732;14400
IW 31;https://www.nettivene.com/en/purjevene/iw/752503;9500
Helmsman 26;https://www.nettivene.com/en/purjevene/helmsman/752197;6900
Targa 96;https://www.nettivene.com/en/purjevene/targa/752158;29000
H-35 Tee tarjous;https://www.nettivene.com/en/purjevene/h-35/752025;14900
Comfortina 42;https://www.nettivene.com/en/purjevene/comfortina/751188;149500
Sunwind 20;https://www.nettivene.com/en/purjevene/sunwind/750777;2000
Weekend;https://www.nettivene.com/en/purjevene/weekend/750595;-1
Hanse 350;https://www.nettivene.com/en/purjevene/hanse/750457;89000
R 6mR;https://www.nettivene.com/en/purjevene/r/750030;95000
Murena 30;https://www.nettivene.com/en/purjevene/murena/749737;8000
Beneteau Oceanis 37;https://www.nettivene.com/en/purjevene/beneteau/749694;85000
Maxi Fenix Dinette;https://www.nettivene.com/en/purjevene/maxi/749636;12490
Finngulf 46;https://www.nettivene.com/en/purjevene/finngulf/749106;245000
Swan 48;https://www.nettivene.com/en/purjevene/swan/749105;360000
Nauticat 515;https://www.nettivene.com/en/purjevene/nauticat/749100;450000
Sigma 36;https://www.nettivene.com/en/purjevene/sigma/749025;29000
Beneteau Oceanis 31;https://www.nettivene.com/en/purjevene/beneteau/748452;99900
Colin Archer CA-30;https://www.nettivene.com/en/purjevene/colin-archer/748317;3800
Dufour 455 Grand Large;https://www.nettivene.com/en/purjevene/dufour/747990;159000
Bavaria 42 Cruiser;https://www.nettivene.com/en/purjevene/bavaria/747685;115000
Bruce Roberts 53;https://www.nettivene.com/en/purjevene/bruce-roberts/747613;128000
Wasa 42;https://www.nettivene.com/en/purjevene/wasa/747206;5600
Finnsailer 34;https://www.nettivene.com/en/purjevene/finnsailer/746617;44500
Beneteau Oceanis 46.1;https://www.nettivene.com/en/purjevene/beneteau/746487;279372
Maxi Fenix Dinette **LÖYTÖ**;https://www.nettivene.com/en/purjevene/maxi/746410;13500
Beneteau Oceanis 35.1;https://www.nettivene.com/en/purjevene/beneteau/746349;121396
Jonmeri 40;https://www.nettivene.com/en/purjevene/jonmeri/743332;115000
Fingal 28;https://www.nettivene.com/en/purjevene/fingal/742699;3300
Albin Cirrus;https://www.nettivene.com/en/purjevene/albin/742523;4600
Bavaria 42 Match;https://www.nettivene.com/en/purjevene/bavaria/742365;88000
Bavaria 44 cruiser;https://www.nettivene.com/en/purjevene/bavaria/742207;90000
Ridas 35;https://www.nettivene.com/en/purjevene/ridas/742082;57500
Hai;https://www.nettivene.com/en/purjevene/hai/741724;3500
Mach1 1/2 Puolitonnari Mach 1;https://www.nettivene.com/en/purjevene/mach1/741126;-1
Guyline 105;https://www.nettivene.com/en/purjevene/guyline/739028;44000
Mare 29 L;https://www.nettivene.com/en/purjevene/mare/738840;13000
Avance 245;https://www.nettivene.com/en/purjevene/avance/738638;7500
Roberts Roberts 32 (Showy 32);https://www.nettivene.com/en/purjevene/roberts/738412;29500
Saga 40;https://www.nettivene.com/en/purjevene/saga/737933;65000
Hobie Wildcat;https://www.nettivene.com/en/purjevene/hobie/737922;5500
Avance 24;https://www.nettivene.com/en/purjevene/avance/737626;5900
Maxi 999;https://www.nettivene.com/en/purjevene/maxi/736413;34900
Beneteau First 47.7;https://www.nettivene.com/en/purjevene/beneteau/735607;149000
Comfort 30;https://www.nettivene.com/en/purjevene/comfort/734967;9500
Finngulf 36;https://www.nettivene.com/en/purjevene/finngulf/734362;69000
Sirena Stormbird 36;https://www.nettivene.com/en/purjevene/sirena/734333;55000
Bavaria 33 Cruiser;https://www.nettivene.com/en/purjevene/bavaria/733485;62000
Teräsvene Merivene Alastair Hunter;https://www.nettivene.com/en/purjevene/terasvene/733035;110000
Bavaria Vision44;https://www.nettivene.com/en/purjevene/bavaria/731998;-1
Maestro 31 Vaihdetaan tai Myydään;https://www.nettivene.com/en/purjevene/maestro/731393;23000
Sunwind 27;https://www.nettivene.com/en/purjevene/sunwind/731150;16500
One off Puoltonnari;https://www.nettivene.com/en/purjevene/one-off/729787;499
Jeanneau Sun Odyssey 36i;https://www.nettivene.com/en/purjevene/jeanneau/729272;85000
Shipman 28;https://www.nettivene.com/en/purjevene/shipman/729252;6900
Birdie 24;https://www.nettivene.com/en/purjevene/birdie/728901;5500
Mean Marine 32PC /vaihto;https://www.nettivene.com/en/purjevene/mean-marine/728530;40300
Murena;https://www.nettivene.com/en/purjevene/murena/725977;11000
Sunwind 26;https://www.nettivene.com/en/purjevene/sunwind/725054;7700
Guy 22;https://www.nettivene.com/en/purjevene/guy/724097;2500
Medusa 26;https://www.nettivene.com/en/purjevene/medusa/720450;2900
Avance 36;https://www.nettivene.com/en/purjevene/avance/716534;25500
Bavaria B/one;https://www.nettivene.com/en/purjevene/bavaria/715604;17500
H Artekno;https://www.nettivene.com/en/purjevene/h/715380;3700
Scylla Suur Scylla;https://www.nettivene.com/en/purjevene/scylla/714776;43000
Albin Vega;https://www.nettivene.com/en/purjevene/albin/714319;5150
Albin VEGA 27;https://www.nettivene.com/en/purjevene/albin/713617;4000
Sweden Yachts 41;https://www.nettivene.com/en/purjevene/sweden-yachts/712685;99000
Albin Express;https://www.nettivene.com/en/purjevene/albin/710007;5000
Bavaria C45;https://www.nettivene.com/en/purjevene/bavaria/709881;256000
Sirena 44;https://www.nettivene.com/en/purjevene/sirena/709527;79500
Oyster 37;https://www.nettivene.com/en/purjevene/oyster/709324;45000
Murena Murena 30;https://www.nettivene.com/en/purjevene/murena/709313;11300
Muu merkki 6mA;https://www.nettivene.com/en/purjevene/muu-merkki/709047;18000
Marina 95;https://www.nettivene.com/en/purjevene/marina/708667;21750
Bavaria 36  Vaihto. (huollot+telak.);https://www.nettivene.com/en/purjevene/bavaria/708130;59900
Helmsman Senorita, Vaihtokin;https://www.nettivene.com/en/purjevene/helmsman/708099;10000
Baltic 37;https://www.nettivene.com/en/purjevene/baltic/707945;64000
Macgregor 26M;https://www.nettivene.com/en/purjevene/macgregor/707818;18900
Avance 33;https://www.nettivene.com/en/purjevene/avance/706969;24000
Hanse 345;https://www.nettivene.com/en/purjevene/hanse/705991;3950
Vindö 40;https://www.nettivene.com/en/purjevene/vindo/704660;19500
Beneteau Oceanis 45;https://www.nettivene.com/en/purjevene/beneteau/704542;279000
Dufour 36 Classic;https://www.nettivene.com/en/purjevene/dufour/703184;69000
Päijän Päijänne volkkari;https://www.nettivene.com/en/purjevene/paijan/702938;3500
Neptun 33 Sloop;https://www.nettivene.com/en/purjevene/neptun/702009;19900
Van de Stadt 47 Samoa - teräsvene;https://www.nettivene.com/en/purjevene/van-de-stadt/701284;295000
Sunwind 26;https://www.nettivene.com/en/purjevene/sunwind/701102;8900
Kosteri;https://www.nettivene.com/en/purjevene/kosteri/699783;3900
Avance 24;https://www.nettivene.com/en/purjevene/avance/699252;9000
Avance 245;https://www.nettivene.com/en/purjevene/avance/699199;8900
Muu merkki 49er;https://www.nettivene.com/en/purjevene/muu-merkki/698515;2990
Puuvene Halfton;https://www.nettivene.com/en/purjevene/puuvene/696692;4500
First FIRST 35;https://www.nettivene.com/en/purjevene/first/696319;35000
Finn Express FE 64;https://www.nettivene.com/en/purjevene/finn-express/695762;1900
Vitanova 37;https://www.nettivene.com/en/purjevene/vitanova/691764;29000
Skippi 750;https://www.nettivene.com/en/purjevene/skippi/690332;20500
Avance Avance 24;https://www.nettivene.com/en/purjevene/avance/685136;3950
Halcyon 27;https://www.nettivene.com/en/purjevene/halcyon/680849;4500
Beneteau First Class 8;https://www.nettivene.com/en/purjevene/beneteau/678925;8000
Swan 57;https://www.nettivene.com/en/purjevene/swan/677039;235000
Maxi Fenix;https://www.nettivene.com/en/purjevene/maxi/674993;14675
H-323;https://www.nettivene.com/en/purjevene/h-323/671979;14000
Alpa Alpa 36/ 38;https://www.nettivene.com/en/purjevene/alpa/669116;39000
Bavaria Cruiser 41;https://www.nettivene.com/en/purjevene/bavaria/668559;175980
Sunwind Sunwind 311;https://www.nettivene.com/en/purjevene/sunwind/664033;20000
Finn Finn 26;https://www.nettivene.com/en/purjevene/finn/663742;7500
Puuvene Saaristoristeilijä sk 55;https://www.nettivene.com/en/purjevene/puuvene/661965;-1
Muu merkki Cheoy Lee 41 Offshore;https://www.nettivene.com/en/purjevene/muu-merkki/660988;88000
Boström Boström B31;https://www.nettivene.com/en/purjevene/bostrom/659648;10900
Finn Flyer 31C/R;https://www.nettivene.com/en/purjevene/finn-flyer/659361;39900
Avance 245;https://www.nettivene.com/en/purjevene/avance/659159;8500
Finn Flyer 27 lähtövalmiina laiturissa;https://www.nettivene.com/en/purjevene/finn-flyer/656214;11500
Helmsman Senorita;https://www.nettivene.com/en/purjevene/helmsman/634088;13000
Sunwind 27/30;https://www.nettivene.com/en/purjevene/sunwind/632353;13000
Diva 39;https://www.nettivene.com/en/purjevene/diva/622233;32000
Finn Express 741;https://www.nettivene.com/en/purjevene/finn-express/622113;5900
Jon 30;https://www.nettivene.com/en/purjevene/jon/614981;17000
Najad 441 CC;https://www.nettivene.com/en/purjevene/najad/612974;180000
Lohi 25 Vaihto, rahoitus ei korkoa;https://www.nettivene.com/en/purjevene/lohi/611850;6000
One off Omavalmiste;https://www.nettivene.com/en/purjevene/one-off/607084;7999
Bavaria Cruiser 37;https://www.nettivene.com/en/purjevene/bavaria/606441;145000
Farr One Ton, 40 ft;https://www.nettivene.com/en/purjevene/farr/606366;33800
Finn 26;https://www.nettivene.com/en/purjevene/finn/589992;7300
Puuvene s/y Aura meriristeilijä;https://www.nettivene.com/en/purjevene/puuvene/584317;45000
Teräsvene Ile Disco/Gilbert Caroff;https://www.nettivene.com/en/purjevene/terasvene/583184;5000
Ohlson 28;https://www.nettivene.com/en/purjevene/ohlson/575239;4900
Marina 95 Ketch;https://www.nettivene.com/en/purjevene/marina/560426;27900
Jon 33 40 48;https://www.nettivene.com/en/purjevene/jon/542207;-1
C;https://www.nettivene.com/en/purjevene/c/504526;5500
BlueBird 25;https://www.nettivene.com/en/purjevene/bluebird/454020;9500
Dufour Dufour&Sparks 39;https://www.nettivene.com/en/purjevene/dufour/391402;55000
